K-Fold = 3

Simple ANN
Baseline: -21.357765 26.706024 MAPE
-0.000205 0.000044 MSE

---------------------------------
Non normalized - output 
Baseline: -50203714.568517 55514258.890391 -- MSE 
Baseline: -16.040774 4.240675 MAPE


-------- Shuffle on mse loss 
loss: 16260291.9021 - mse: 16260298.0000 - mae: 3476.8743 - mape: 15.7333
loss: 130460547.5332 - mse: 130460512.0000 - mae: 9643.7744 - mape: 26.1191
loss: 523706178.7769 - mse: 523706176.0000 - mae: 20483.1602 - mape: 60.7933
Baseline: -216286486.694046 208150631.070385

------ Non-shuffle on mse loss 
loss: 12498718.6414 - mse: 12498717.0000 - mae: 2836.9224 - mape: 14.8638
loss: 10081733.2301 - mse: 10081732.0000 - mae: 2623.3684 - mape: 13.6011
loss: 11556414.9680 - mse: 11556413.0000 - mae: 2756.9429 - mape: 14.6649
-11348919.250703 579302.361576